start pl/0
 t   b   p     f   l   a                 0   1   2   3   4   5   6   7   8   9  10  11  12  13  14
 === === ===   === === ===             === === === === === === === === === === === === === === ===
  -1   0   0   INT   0   5      s[] :    0   0   0   0   0
   4   0   1   LIT   0   0      s[] :    0   0   0   0   0   0
   5   0   2   STO   0   3      s[] :    0   0   0   0   0
   4   0   3   LIT   0   1      s[] :    0   0   0   0   0   1
   5   0   4   STO   0   4      s[] :    0   0   0   0   1
   4   0   5   LOD   0   3      s[] :    0   0   0   0   1   0
   5   0   6   LOD   0   4      s[] :    0   0   0   0   1   0   1
   6   0   7   OPR   0   2      s[] :    0   0   0   0   1   1
   5   0   8   STO   0   3      s[] :    0   0   0   1   1
   4   0   9   LOD   0   4      s[] :    0   0   0   1   1   1
   5   0  10   LIT   0   1      s[] :    0   0   0   1   1   1   1
   6   0  11   OPR   0   2      s[] :    0   0   0   1   1   2
   5   0  12   STO   0   4      s[] :    0   0   0   1   2
   4   0  13   LOD   0   4      s[] :    0   0   0   1   2   2
   5   0  14   LIT   0 100      s[] :    0   0   0   1   2   2 100
   6   0  15   OPR   0  13      s[] :    0   0   0   1   2   1
   5   0  16   JPC   0   5      s[] :    0   0   0   1   2
   4   0   5   LOD   0   3      s[] :    0   0   0   1   2   1
   5   0   6   LOD   0   4      s[] :    0   0   0   1   2   1   2
   6   0   7   OPR   0   2      s[] :    0   0   0   1   2   3
   5   0   8   STO   0   3      s[] :    0   0   0   3   2
   4   0   9   LOD   0   4      s[] :    0   0   0   3   2   2
   5   0  10   LIT   0   1      s[] :    0   0   0   3   2   2   1
   6   0  11   OPR   0   2      s[] :    0   0   0   3   2   3
   5   0  12   STO   0   4      s[] :    0   0   0   3   3
   4   0  13   LOD   0   4      s[] :    0   0   0   3   3   3
   5   0  14   LIT   0 100      s[] :    0   0   0   3   3   3 100
   6   0  15   OPR   0  13      s[] :    0   0   0   3   3   1
   5   0  16   JPC   0   5      s[] :    0   0   0   3   3
   4   0   5   LOD   0   3      s[] :    0   0   0   3   3   3
   5   0   6   LOD   0   4      s[] :    0   0   0   3   3   3   3
   6   0   7   OPR   0   2      s[] :    0   0   0   3   3   6
   5   0   8   STO   0   3      s[] :    0   0   0   6   3
   4   0   9   LOD   0   4      s[] :    0   0   0   6   3   3
   5   0  10   LIT   0   1      s[] :    0   0   0   6   3   3   1
   6   0  11   OPR   0   2      s[] :    0   0   0   6   3   4
   5   0  12   STO   0   4      s[] :    0   0   0   6   4
   4   0  13   LOD   0   4      s[] :    0   0   0   6   4   4
   5   0  14   LIT   0 100      s[] :    0   0   0   6   4   4 100
   6   0  15   OPR   0  13      s[] :    0   0   0   6   4   1
   5   0  16   JPC   0   5      s[] :    0   0   0   6   4
   4   0   5   LOD   0   3      s[] :    0   0   0   6   4   6
   5   0   6   LOD   0   4      s[] :    0   0   0   6   4   6   4
   6   0   7   OPR   0   2      s[] :    0   0   0   6   4  10
   5   0   8   STO   0   3      s[] :    0   0   0  10   4
   4   0   9   LOD   0   4      s[] :    0   0   0  10   4   4
   5   0  10   LIT   0   1      s[] :    0   0   0  10   4   4   1
   6   0  11   OPR   0   2      s[] :    0   0   0  10   4   5
   5   0  12   STO   0   4      s[] :    0   0   0  10   5
   4   0  13   LOD   0   4      s[] :    0   0   0  10   5   5
   5   0  14   LIT   0 100      s[] :    0   0   0  10   5   5 100
   6   0  15   OPR   0  13      s[] :    0   0   0  10   5   1
   5   0  16   JPC   0   5      s[] :    0   0   0  10   5
   4   0   5   LOD   0   3      s[] :    0   0   0  10   5  10
   5   0   6   LOD   0   4      s[] :    0   0   0  10   5  10   5
   6   0   7   OPR   0   2      s[] :    0   0   0  10   5  15
   5   0   8   STO   0   3      s[] :    0   0   0  15   5
   4   0   9   LOD   0   4      s[] :    0   0   0  15   5   5
   5   0  10   LIT   0   1      s[] :    0   0   0  15   5   5   1
   6   0  11   OPR   0   2      s[] :    0   0   0  15   5   6
   5   0  12   STO   0   4      s[] :    0   0   0  15   6
   4   0  13   LOD   0   4      s[] :    0   0   0  15   6   6
   5   0  14   LIT   0 100      s[] :    0   0   0  15   6   6 100
   6   0  15   OPR   0  13      s[] :    0   0   0  15   6   1
   5   0  16   JPC   0   5      s[] :    0   0   0  15   6
   4   0   5   LOD   0   3      s[] :    0   0   0  15   6  15
   5   0   6   LOD   0   4      s[] :    0   0   0  15   6  15   6
   6   0   7   OPR   0   2      s[] :    0   0   0  15   6  21
   5   0   8   STO   0   3      s[] :    0   0   0  21   6
   4   0   9   LOD   0   4      s[] :    0   0   0  21   6   6
   5   0  10   LIT   0   1      s[] :    0   0   0  21   6   6   1
   6   0  11   OPR   0   2      s[] :    0   0   0  21   6   7
   5   0  12   STO   0   4      s[] :    0   0   0  21   7
   4   0  13   LOD   0   4      s[] :    0   0   0  21   7   7
   5   0  14   LIT   0 100      s[] :    0   0   0  21   7   7 100
   6   0  15   OPR   0  13      s[] :    0   0   0  21   7   1
   5   0  16   JPC   0   5      s[] :    0   0   0  21   7
   4   0   5   LOD   0   3      s[] :    0   0   0  21   7  21
   5   0   6   LOD   0   4      s[] :    0   0   0  21   7  21   7
   6   0   7   OPR   0   2      s[] :    0   0   0  21   7  28
   5   0   8   STO   0   3      s[] :    0   0   0  28   7
   4   0   9   LOD   0   4      s[] :    0   0   0  28   7   7
   5   0  10   LIT   0   1      s[] :    0   0   0  28   7   7   1
   6   0  11   OPR   0   2      s[] :    0   0   0  28   7   8
   5   0  12   STO   0   4      s[] :    0   0   0  28   8
   4   0  13   LOD   0   4      s[] :    0   0   0  28   8   8
   5   0  14   LIT   0 100      s[] :    0   0   0  28   8   8 100
   6   0  15   OPR   0  13      s[] :    0   0   0  28   8   1
   5   0  16   JPC   0   5      s[] :    0   0   0  28   8
   4   0   5   LOD   0   3      s[] :    0   0   0  28   8  28
   5   0   6   LOD   0   4      s[] :    0   0   0  28   8  28   8
   6   0   7   OPR   0   2      s[] :    0   0   0  28   8  36
   5   0   8   STO   0   3      s[] :    0   0   0  36   8
   4   0   9   LOD   0   4      s[] :    0   0   0  36   8   8
   5   0  10   LIT   0   1      s[] :    0   0   0  36   8   8   1
   6   0  11   OPR   0   2      s[] :    0   0   0  36   8   9
   5   0  12   STO   0   4      s[] :    0   0   0  36   9
   4   0  13   LOD   0   4      s[] :    0   0   0  36   9   9
   5   0  14   LIT   0 100      s[] :    0   0   0  36   9   9 100
   6   0  15   OPR   0  13      s[] :    0   0   0  36   9   1
   5   0  16   JPC   0   5      s[] :    0   0   0  36   9
   4   0   5   LOD   0   3      s[] :    0   0   0  36   9  36
   5   0   6   LOD   0   4      s[] :    0   0   0  36   9  36   9
   6   0   7   OPR   0   2      s[] :    0   0   0  36   9  45
   5   0   8   STO   0   3      s[] :    0   0   0  45   9
   4   0   9   LOD   0   4      s[] :    0   0   0  45   9   9
   5   0  10   LIT   0   1      s[] :    0   0   0  45   9   9   1
   6   0  11   OPR   0   2      s[] :    0   0   0  45   9  10
   5   0  12   STO   0   4      s[] :    0   0   0  45  10
   4   0  13   LOD   0   4      s[] :    0   0   0  45  10  10
   5   0  14   LIT   0 100      s[] :    0   0   0  45  10  10 100
   6   0  15   OPR   0  13      s[] :    0   0   0  45  10   1
   5   0  16   JPC   0   5      s[] :    0   0   0  45  10
   4   0   5   LOD   0   3      s[] :    0   0   0  45  10  45
   5   0   6   LOD   0   4      s[] :    0   0   0  45  10  45  10
   6   0   7   OPR   0   2      s[] :    0   0   0  45  10  55
   5   0   8   STO   0   3      s[] :    0   0   0  55  10
   4   0   9   LOD   0   4      s[] :    0   0   0  55  10  10
   5   0  10   LIT   0   1      s[] :    0   0   0  55  10  10   1
   6   0  11   OPR   0   2      s[] :    0   0   0  55  10  11
   5   0  12   STO   0   4      s[] :    0   0   0  55  11
   4   0  13   LOD   0   4      s[] :    0   0   0  55  11  11
   5   0  14   LIT   0 100      s[] :    0   0   0  55  11  11 100
   6   0  15   OPR   0  13      s[] :    0   0   0  55  11   1
   5   0  16   JPC   0   5      s[] :    0   0   0  55  11
   4   0   5   LOD   0   3      s[] :    0   0   0  55  11  55
   5   0   6   LOD   0   4      s[] :    0   0   0  55  11  55  11
   6   0   7   OPR   0   2      s[] :    0   0   0  55  11  66
   5   0   8   STO   0   3      s[] :    0   0   0  66  11
   4   0   9   LOD   0   4      s[] :    0   0   0  66  11  11
   5   0  10   LIT   0   1      s[] :    0   0   0  66  11  11   1
   6   0  11   OPR   0   2      s[] :    0   0   0  66  11  12
   5   0  12   STO   0   4      s[] :    0   0   0  66  12
   4   0  13   LOD   0   4      s[] :    0   0   0  66  12  12
   5   0  14   LIT   0 100      s[] :    0   0   0  66  12  12 100
   6   0  15   OPR   0  13      s[] :    0   0   0  66  12   1
   5   0  16   JPC   0   5      s[] :    0   0   0  66  12
   4   0   5   LOD   0   3      s[] :    0   0   0  66  12  66
   5   0   6   LOD   0   4      s[] :    0   0   0  66  12  66  12
   6   0   7   OPR   0   2      s[] :    0   0   0  66  12  78
   5   0   8   STO   0   3      s[] :    0   0   0  78  12
   4   0   9   LOD   0   4      s[] :    0   0   0  78  12  12
   5   0  10   LIT   0   1      s[] :    0   0   0  78  12  12   1
   6   0  11   OPR   0   2      s[] :    0   0   0  78  12  13
   5   0  12   STO   0   4      s[] :    0   0   0  78  13
   4   0  13   LOD   0   4      s[] :    0   0   0  78  13  13
   5   0  14   LIT   0 100      s[] :    0   0   0  78  13  13 100
   6   0  15   OPR   0  13      s[] :    0   0   0  78  13   1
   5   0  16   JPC   0   5      s[] :    0   0   0  78  13
   4   0   5   LOD   0   3      s[] :    0   0   0  78  13  78
   5   0   6   LOD   0   4      s[] :    0   0   0  78  13  78  13
   6   0   7   OPR   0   2      s[] :    0   0   0  78  13  91
   5   0   8   STO   0   3      s[] :    0   0   0  91  13
   4   0   9   LOD   0   4      s[] :    0   0   0  91  13  13
   5   0  10   LIT   0   1      s[] :    0   0   0  91  13  13   1
   6   0  11   OPR   0   2      s[] :    0   0   0  91  13  14
   5   0  12   STO   0   4      s[] :    0   0   0  91  14
   4   0  13   LOD   0   4      s[] :    0   0   0  91  14  14
   5   0  14   LIT   0 100      s[] :    0   0   0  91  14  14 100
   6   0  15   OPR   0  13      s[] :    0   0   0  91  14   1
   5   0  16   JPC   0   5      s[] :    0   0   0  91  14
   4   0   5   LOD   0   3      s[] :    0   0   0  91  14  91
   5   0   6   LOD   0   4      s[] :    0   0   0  91  14  91  14
   6   0   7   OPR   0   2      s[] :    0   0   0  91  14 105
   5   0   8   STO   0   3      s[] :    0   0   0 105  14
   4   0   9   LOD   0   4      s[] :    0   0   0 105  14  14
   5   0  10   LIT   0   1      s[] :    0   0   0 105  14  14   1
   6   0  11   OPR   0   2      s[] :    0   0   0 105  14  15
   5   0  12   STO   0   4      s[] :    0   0   0 105  15
   4   0  13   LOD   0   4      s[] :    0   0   0 105  15  15
   5   0  14   LIT   0 100      s[] :    0   0   0 105  15  15 100
   6   0  15   OPR   0  13      s[] :    0   0   0 105  15   1
   5   0  16   JPC   0   5      s[] :    0   0   0 105  15
   4   0   5   LOD   0   3      s[] :    0   0   0 105  15 105
   5   0   6   LOD   0   4      s[] :    0   0   0 105  15 105  15
   6   0   7   OPR   0   2      s[] :    0   0   0 105  15 120
   5   0   8   STO   0   3      s[] :    0   0   0 120  15
   4   0   9   LOD   0   4      s[] :    0   0   0 120  15  15
   5   0  10   LIT   0   1      s[] :    0   0   0 120  15  15   1
   6   0  11   OPR   0   2      s[] :    0   0   0 120  15  16
   5   0  12   STO   0   4      s[] :    0   0   0 120  16
   4   0  13   LOD   0   4      s[] :    0   0   0 120  16  16
   5   0  14   LIT   0 100      s[] :    0   0   0 120  16  16 100
   6   0  15   OPR   0  13      s[] :    0   0   0 120  16   1
   5   0  16   JPC   0   5      s[] :    0   0   0 120  16
   4   0   5   LOD   0   3      s[] :    0   0   0 120  16 120
   5   0   6   LOD   0   4      s[] :    0   0   0 120  16 120  16
   6   0   7   OPR   0   2      s[] :    0   0   0 120  16 136
   5   0   8   STO   0   3      s[] :    0   0   0 136  16
   4   0   9   LOD   0   4      s[] :    0   0   0 136  16  16
   5   0  10   LIT   0   1      s[] :    0   0   0 136  16  16   1
   6   0  11   OPR   0   2      s[] :    0   0   0 136  16  17
   5   0  12   STO   0   4      s[] :    0   0   0 136  17
   4   0  13   LOD   0   4      s[] :    0   0   0 136  17  17
   5   0  14   LIT   0 100      s[] :    0   0   0 136  17  17 100
   6   0  15   OPR   0  13      s[] :    0   0   0 136  17   1
   5   0  16   JPC   0   5      s[] :    0   0   0 136  17
   4   0   5   LOD   0   3      s[] :    0   0   0 136  17 136
   5   0   6   LOD   0   4      s[] :    0   0   0 136  17 136  17
   6   0   7   OPR   0   2      s[] :    0   0   0 136  17 153
   5   0   8   STO   0   3      s[] :    0   0   0 153  17
   4   0   9   LOD   0   4      s[] :    0   0   0 153  17  17
   5   0  10   LIT   0   1      s[] :    0   0   0 153  17  17   1
   6   0  11   OPR   0   2      s[] :    0   0   0 153  17  18
   5   0  12   STO   0   4      s[] :    0   0   0 153  18
   4   0  13   LOD   0   4      s[] :    0   0   0 153  18  18
   5   0  14   LIT   0 100      s[] :    0   0   0 153  18  18 100
   6   0  15   OPR   0  13      s[] :    0   0   0 153  18   1
   5   0  16   JPC   0   5      s[] :    0   0   0 153  18
   4   0   5   LOD   0   3      s[] :    0   0   0 153  18 153
   5   0   6   LOD   0   4      s[] :    0   0   0 153  18 153  18
   6   0   7   OPR   0   2      s[] :    0   0   0 153  18 171
   5   0   8   STO   0   3      s[] :    0   0   0 171  18
   4   0   9   LOD   0   4      s[] :    0   0   0 171  18  18
   5   0  10   LIT   0   1      s[] :    0   0   0 171  18  18   1
   6   0  11   OPR   0   2      s[] :    0   0   0 171  18  19
   5   0  12   STO   0   4      s[] :    0   0   0 171  19
   4   0  13   LOD   0   4      s[] :    0   0   0 171  19  19
   5   0  14   LIT   0 100      s[] :    0   0   0 171  19  19 100
   6   0  15   OPR   0  13      s[] :    0   0   0 171  19   1
   5   0  16   JPC   0   5      s[] :    0   0   0 171  19
   4   0   5   LOD   0   3      s[] :    0   0   0 171  19 171
   5   0   6   LOD   0   4      s[] :    0   0   0 171  19 171  19
   6   0   7   OPR   0   2      s[] :    0   0   0 171  19 190
   5   0   8   STO   0   3      s[] :    0   0   0 190  19
   4   0   9   LOD   0   4      s[] :    0   0   0 190  19  19
   5   0  10   LIT   0   1      s[] :    0   0   0 190  19  19   1
   6   0  11   OPR   0   2      s[] :    0   0   0 190  19  20
   5   0  12   STO   0   4      s[] :    0   0   0 190  20
   4   0  13   LOD   0   4      s[] :    0   0   0 190  20  20
   5   0  14   LIT   0 100      s[] :    0   0   0 190  20  20 100
   6   0  15   OPR   0  13      s[] :    0   0   0 190  20   1
   5   0  16   JPC   0   5      s[] :    0   0   0 190  20
   4   0   5   LOD   0   3      s[] :    0   0   0 190  20 190
   5   0   6   LOD   0   4      s[] :    0   0   0 190  20 190  20
   6   0   7   OPR   0   2      s[] :    0   0   0 190  20 210
   5   0   8   STO   0   3      s[] :    0   0   0 210  20
   4   0   9   LOD   0   4      s[] :    0   0   0 210  20  20
   5   0  10   LIT   0   1      s[] :    0   0   0 210  20  20   1
   6   0  11   OPR   0   2      s[] :    0   0   0 210  20  21
   5   0  12   STO   0   4      s[] :    0   0   0 210  21
   4   0  13   LOD   0   4      s[] :    0   0   0 210  21  21
   5   0  14   LIT   0 100      s[] :    0   0   0 210  21  21 100
   6   0  15   OPR   0  13      s[] :    0   0   0 210  21   1
   5   0  16   JPC   0   5      s[] :    0   0   0 210  21
   4   0   5   LOD   0   3      s[] :    0   0   0 210  21 210
   5   0   6   LOD   0   4      s[] :    0   0   0 210  21 210  21
   6   0   7   OPR   0   2      s[] :    0   0   0 210  21 231
   5   0   8   STO   0   3      s[] :    0   0   0 231  21
   4   0   9   LOD   0   4      s[] :    0   0   0 231  21  21
   5   0  10   LIT   0   1      s[] :    0   0   0 231  21  21   1
   6   0  11   OPR   0   2      s[] :    0   0   0 231  21  22
   5   0  12   STO   0   4      s[] :    0   0   0 231  22
   4   0  13   LOD   0   4      s[] :    0   0   0 231  22  22
   5   0  14   LIT   0 100      s[] :    0   0   0 231  22  22 100
   6   0  15   OPR   0  13      s[] :    0   0   0 231  22   1
   5   0  16   JPC   0   5      s[] :    0   0   0 231  22
   4   0   5   LOD   0   3      s[] :    0   0   0 231  22 231
   5   0   6   LOD   0   4      s[] :    0   0   0 231  22 231  22
   6   0   7   OPR   0   2      s[] :    0   0   0 231  22 253
   5   0   8   STO   0   3      s[] :    0   0   0 253  22
   4   0   9   LOD   0   4      s[] :    0   0   0 253  22  22
   5   0  10   LIT   0   1      s[] :    0   0   0 253  22  22   1
   6   0  11   OPR   0   2      s[] :    0   0   0 253  22  23
   5   0  12   STO   0   4      s[] :    0   0   0 253  23
   4   0  13   LOD   0   4      s[] :    0   0   0 253  23  23
   5   0  14   LIT   0 100      s[] :    0   0   0 253  23  23 100
   6   0  15   OPR   0  13      s[] :    0   0   0 253  23   1
   5   0  16   JPC   0   5      s[] :    0   0   0 253  23
   4   0   5   LOD   0   3      s[] :    0   0   0 253  23 253
   5   0   6   LOD   0   4      s[] :    0   0   0 253  23 253  23
   6   0   7   OPR   0   2      s[] :    0   0   0 253  23 276
   5   0   8   STO   0   3      s[] :    0   0   0 276  23
   4   0   9   LOD   0   4      s[] :    0   0   0 276  23  23
   5   0  10   LIT   0   1      s[] :    0   0   0 276  23  23   1
   6   0  11   OPR   0   2      s[] :    0   0   0 276  23  24
   5   0  12   STO   0   4      s[] :    0   0   0 276  24
   4   0  13   LOD   0   4      s[] :    0   0   0 276  24  24
   5   0  14   LIT   0 100      s[] :    0   0   0 276  24  24 100
   6   0  15   OPR   0  13      s[] :    0   0   0 276  24   1
   5   0  16   JPC   0   5      s[] :    0   0   0 276  24
   4   0   5   LOD   0   3      s[] :    0   0   0 276  24 276
   5   0   6   LOD   0   4      s[] :    0   0   0 276  24 276  24
   6   0   7   OPR   0   2      s[] :    0   0   0 276  24 300
   5   0   8   STO   0   3      s[] :    0   0   0 300  24
   4   0   9   LOD   0   4      s[] :    0   0   0 300  24  24
   5   0  10   LIT   0   1      s[] :    0   0   0 300  24  24   1
   6   0  11   OPR   0   2      s[] :    0   0   0 300  24  25
   5   0  12   STO   0   4      s[] :    0   0   0 300  25
   4   0  13   LOD   0   4      s[] :    0   0   0 300  25  25
   5   0  14   LIT   0 100      s[] :    0   0   0 300  25  25 100
   6   0  15   OPR   0  13      s[] :    0   0   0 300  25   1
   5   0  16   JPC   0   5      s[] :    0   0   0 300  25
   4   0   5   LOD   0   3      s[] :    0   0   0 300  25 300
   5   0   6   LOD   0   4      s[] :    0   0   0 300  25 300  25
   6   0   7   OPR   0   2      s[] :    0   0   0 300  25 325
   5   0   8   STO   0   3      s[] :    0   0   0 325  25
   4   0   9   LOD   0   4      s[] :    0   0   0 325  25  25
   5   0  10   LIT   0   1      s[] :    0   0   0 325  25  25   1
   6   0  11   OPR   0   2      s[] :    0   0   0 325  25  26
   5   0  12   STO   0   4      s[] :    0   0   0 325  26
   4   0  13   LOD   0   4      s[] :    0   0   0 325  26  26
   5   0  14   LIT   0 100      s[] :    0   0   0 325  26  26 100
   6   0  15   OPR   0  13      s[] :    0   0   0 325  26   1
   5   0  16   JPC   0   5      s[] :    0   0   0 325  26
   4   0   5   LOD   0   3      s[] :    0   0   0 325  26 325
   5   0   6   LOD   0   4      s[] :    0   0   0 325  26 325  26
   6   0   7   OPR   0   2      s[] :    0   0   0 325  26 351
   5   0   8   STO   0   3      s[] :    0   0   0 351  26
   4   0   9   LOD   0   4      s[] :    0   0   0 351  26  26
   5   0  10   LIT   0   1      s[] :    0   0   0 351  26  26   1
   6   0  11   OPR   0   2      s[] :    0   0   0 351  26  27
   5   0  12   STO   0   4      s[] :    0   0   0 351  27
   4   0  13   LOD   0   4      s[] :    0   0   0 351  27  27
   5   0  14   LIT   0 100      s[] :    0   0   0 351  27  27 100
   6   0  15   OPR   0  13      s[] :    0   0   0 351  27   1
   5   0  16   JPC   0   5      s[] :    0   0   0 351  27
   4   0   5   LOD   0   3      s[] :    0   0   0 351  27 351
   5   0   6   LOD   0   4      s[] :    0   0   0 351  27 351  27
   6   0   7   OPR   0   2      s[] :    0   0   0 351  27 378
   5   0   8   STO   0   3      s[] :    0   0   0 378  27
   4   0   9   LOD   0   4      s[] :    0   0   0 378  27  27
   5   0  10   LIT   0   1      s[] :    0   0   0 378  27  27   1
   6   0  11   OPR   0   2      s[] :    0   0   0 378  27  28
   5   0  12   STO   0   4      s[] :    0   0   0 378  28
   4   0  13   LOD   0   4      s[] :    0   0   0 378  28  28
   5   0  14   LIT   0 100      s[] :    0   0   0 378  28  28 100
   6   0  15   OPR   0  13      s[] :    0   0   0 378  28   1
   5   0  16   JPC   0   5      s[] :    0   0   0 378  28
   4   0   5   LOD   0   3      s[] :    0   0   0 378  28 378
   5   0   6   LOD   0   4      s[] :    0   0   0 378  28 378  28
   6   0   7   OPR   0   2      s[] :    0   0   0 378  28 406
   5   0   8   STO   0   3      s[] :    0   0   0 406  28
   4   0   9   LOD   0   4      s[] :    0   0   0 406  28  28
   5   0  10   LIT   0   1      s[] :    0   0   0 406  28  28   1
   6   0  11   OPR   0   2      s[] :    0   0   0 406  28  29
   5   0  12   STO   0   4      s[] :    0   0   0 406  29
   4   0  13   LOD   0   4      s[] :    0   0   0 406  29  29
   5   0  14   LIT   0 100      s[] :    0   0   0 406  29  29 100
   6   0  15   OPR   0  13      s[] :    0   0   0 406  29   1
   5   0  16   JPC   0   5      s[] :    0   0   0 406  29
   4   0   5   LOD   0   3      s[] :    0   0   0 406  29 406
   5   0   6   LOD   0   4      s[] :    0   0   0 406  29 406  29
   6   0   7   OPR   0   2      s[] :    0   0   0 406  29 435
   5   0   8   STO   0   3      s[] :    0   0   0 435  29
   4   0   9   LOD   0   4      s[] :    0   0   0 435  29  29
   5   0  10   LIT   0   1      s[] :    0   0   0 435  29  29   1
   6   0  11   OPR   0   2      s[] :    0   0   0 435  29  30
   5   0  12   STO   0   4      s[] :    0   0   0 435  30
   4   0  13   LOD   0   4      s[] :    0   0   0 435  30  30
   5   0  14   LIT   0 100      s[] :    0   0   0 435  30  30 100
   6   0  15   OPR   0  13      s[] :    0   0   0 435  30   1
   5   0  16   JPC   0   5      s[] :    0   0   0 435  30
   4   0   5   LOD   0   3      s[] :    0   0   0 435  30 435
   5   0   6   LOD   0   4      s[] :    0   0   0 435  30 435  30
   6   0   7   OPR   0   2      s[] :    0   0   0 435  30 465
   5   0   8   STO   0   3      s[] :    0   0   0 465  30
   4   0   9   LOD   0   4      s[] :    0   0   0 465  30  30
   5   0  10   LIT   0   1      s[] :    0   0   0 465  30  30   1
   6   0  11   OPR   0   2      s[] :    0   0   0 465  30  31
   5   0  12   STO   0   4      s[] :    0   0   0 465  31
   4   0  13   LOD   0   4      s[] :    0   0   0 465  31  31
   5   0  14   LIT   0 100      s[] :    0   0   0 465  31  31 100
   6   0  15   OPR   0  13      s[] :    0   0   0 465  31   1
   5   0  16   JPC   0   5      s[] :    0   0   0 465  31
   4   0   5   LOD   0   3      s[] :    0   0   0 465  31 465
   5   0   6   LOD   0   4      s[] :    0   0   0 465  31 465  31
   6   0   7   OPR   0   2      s[] :    0   0   0 465  31 496
   5   0   8   STO   0   3      s[] :    0   0   0 496  31
   4   0   9   LOD   0   4      s[] :    0   0   0 496  31  31
   5   0  10   LIT   0   1      s[] :    0   0   0 496  31  31   1
   6   0  11   OPR   0   2      s[] :    0   0   0 496  31  32
   5   0  12   STO   0   4      s[] :    0   0   0 496  32
   4   0  13   LOD   0   4      s[] :    0   0   0 496  32  32
   5   0  14   LIT   0 100      s[] :    0   0   0 496  32  32 100
   6   0  15   OPR   0  13      s[] :    0   0   0 496  32   1
   5   0  16   JPC   0   5      s[] :    0   0   0 496  32
   4   0   5   LOD   0   3      s[] :    0   0   0 496  32 496
   5   0   6   LOD   0   4      s[] :    0   0   0 496  32 496  32
   6   0   7   OPR   0   2      s[] :    0   0   0 496  32 528
   5   0   8   STO   0   3      s[] :    0   0   0 528  32
   4   0   9   LOD   0   4      s[] :    0   0   0 528  32  32
   5   0  10   LIT   0   1      s[] :    0   0   0 528  32  32   1
   6   0  11   OPR   0   2      s[] :    0   0   0 528  32  33
   5   0  12   STO   0   4      s[] :    0   0   0 528  33
   4   0  13   LOD   0   4      s[] :    0   0   0 528  33  33
   5   0  14   LIT   0 100      s[] :    0   0   0 528  33  33 100
   6   0  15   OPR   0  13      s[] :    0   0   0 528  33   1
   5   0  16   JPC   0   5      s[] :    0   0   0 528  33
   4   0   5   LOD   0   3      s[] :    0   0   0 528  33 528
   5   0   6   LOD   0   4      s[] :    0   0   0 528  33 528  33
   6   0   7   OPR   0   2      s[] :    0   0   0 528  33 561
   5   0   8   STO   0   3      s[] :    0   0   0 561  33
   4   0   9   LOD   0   4      s[] :    0   0   0 561  33  33
   5   0  10   LIT   0   1      s[] :    0   0   0 561  33  33   1
   6   0  11   OPR   0   2      s[] :    0   0   0 561  33  34
   5   0  12   STO   0   4      s[] :    0   0   0 561  34
   4   0  13   LOD   0   4      s[] :    0   0   0 561  34  34
   5   0  14   LIT   0 100      s[] :    0   0   0 561  34  34 100
   6   0  15   OPR   0  13      s[] :    0   0   0 561  34   1
   5   0  16   JPC   0   5      s[] :    0   0   0 561  34
   4   0   5   LOD   0   3      s[] :    0   0   0 561  34 561
   5   0   6   LOD   0   4      s[] :    0   0   0 561  34 561  34
   6   0   7   OPR   0   2      s[] :    0   0   0 561  34 595
   5   0   8   STO   0   3      s[] :    0   0   0 595  34
   4   0   9   LOD   0   4      s[] :    0   0   0 595  34  34
   5   0  10   LIT   0   1      s[] :    0   0   0 595  34  34   1
   6   0  11   OPR   0   2      s[] :    0   0   0 595  34  35
   5   0  12   STO   0   4      s[] :    0   0   0 595  35
   4   0  13   LOD   0   4      s[] :    0   0   0 595  35  35
   5   0  14   LIT   0 100      s[] :    0   0   0 595  35  35 100
   6   0  15   OPR   0  13      s[] :    0   0   0 595  35   1
   5   0  16   JPC   0   5      s[] :    0   0   0 595  35
   4   0   5   LOD   0   3      s[] :    0   0   0 595  35 595
   5   0   6   LOD   0   4      s[] :    0   0   0 595  35 595  35
   6   0   7   OPR   0   2      s[] :    0   0   0 595  35 630
   5   0   8   STO   0   3      s[] :    0   0   0 630  35
   4   0   9   LOD   0   4      s[] :    0   0   0 630  35  35
   5   0  10   LIT   0   1      s[] :    0   0   0 630  35  35   1
   6   0  11   OPR   0   2      s[] :    0   0   0 630  35  36
   5   0  12   STO   0   4      s[] :    0   0   0 630  36
   4   0  13   LOD   0   4      s[] :    0   0   0 630  36  36
   5   0  14   LIT   0 100      s[] :    0   0   0 630  36  36 100
   6   0  15   OPR   0  13      s[] :    0   0   0 630  36   1
   5   0  16   JPC   0   5      s[] :    0   0   0 630  36
   4   0   5   LOD   0   3      s[] :    0   0   0 630  36 630
   5   0   6   LOD   0   4      s[] :    0   0   0 630  36 630  36
   6   0   7   OPR   0   2      s[] :    0   0   0 630  36 666
   5   0   8   STO   0   3      s[] :    0   0   0 666  36
   4   0   9   LOD   0   4      s[] :    0   0   0 666  36  36
   5   0  10   LIT   0   1      s[] :    0   0   0 666  36  36   1
   6   0  11   OPR   0   2      s[] :    0   0   0 666  36  37
   5   0  12   STO   0   4      s[] :    0   0   0 666  37
   4   0  13   LOD   0   4      s[] :    0   0   0 666  37  37
   5   0  14   LIT   0 100      s[] :    0   0   0 666  37  37 100
   6   0  15   OPR   0  13      s[] :    0   0   0 666  37   1
   5   0  16   JPC   0   5      s[] :    0   0   0 666  37
   4   0   5   LOD   0   3      s[] :    0   0   0 666  37 666
   5   0   6   LOD   0   4      s[] :    0   0   0 666  37 666  37
   6   0   7   OPR   0   2      s[] :    0   0   0 666  37 703
   5   0   8   STO   0   3      s[] :    0   0   0 703  37
   4   0   9   LOD   0   4      s[] :    0   0   0 703  37  37
   5   0  10   LIT   0   1      s[] :    0   0   0 703  37  37   1
   6   0  11   OPR   0   2      s[] :    0   0   0 703  37  38
   5   0  12   STO   0   4      s[] :    0   0   0 703  38
   4   0  13   LOD   0   4      s[] :    0   0   0 703  38  38
   5   0  14   LIT   0 100      s[] :    0   0   0 703  38  38 100
   6   0  15   OPR   0  13      s[] :    0   0   0 703  38   1
   5   0  16   JPC   0   5      s[] :    0   0   0 703  38
   4   0   5   LOD   0   3      s[] :    0   0   0 703  38 703
   5   0   6   LOD   0   4      s[] :    0   0   0 703  38 703  38
   6   0   7   OPR   0   2      s[] :    0   0   0 703  38 741
   5   0   8   STO   0   3      s[] :    0   0   0 741  38
   4   0   9   LOD   0   4      s[] :    0   0   0 741  38  38
   5   0  10   LIT   0   1      s[] :    0   0   0 741  38  38   1
   6   0  11   OPR   0   2      s[] :    0   0   0 741  38  39
   5   0  12   STO   0   4      s[] :    0   0   0 741  39
   4   0  13   LOD   0   4      s[] :    0   0   0 741  39  39
   5   0  14   LIT   0 100      s[] :    0   0   0 741  39  39 100
   6   0  15   OPR   0  13      s[] :    0   0   0 741  39   1
   5   0  16   JPC   0   5      s[] :    0   0   0 741  39
   4   0   5   LOD   0   3      s[] :    0   0   0 741  39 741
   5   0   6   LOD   0   4      s[] :    0   0   0 741  39 741  39
   6   0   7   OPR   0   2      s[] :    0   0   0 741  39 780
   5   0   8   STO   0   3      s[] :    0   0   0 780  39
   4   0   9   LOD   0   4      s[] :    0   0   0 780  39  39
   5   0  10   LIT   0   1      s[] :    0   0   0 780  39  39   1
   6   0  11   OPR   0   2      s[] :    0   0   0 780  39  40
   5   0  12   STO   0   4      s[] :    0   0   0 780  40
   4   0  13   LOD   0   4      s[] :    0   0   0 780  40  40
   5   0  14   LIT   0 100      s[] :    0   0   0 780  40  40 100
   6   0  15   OPR   0  13      s[] :    0   0   0 780  40   1
   5   0  16   JPC   0   5      s[] :    0   0   0 780  40
   4   0   5   LOD   0   3      s[] :    0   0   0 780  40 780
   5   0   6   LOD   0   4      s[] :    0   0   0 780  40 780  40
   6   0   7   OPR   0   2      s[] :    0   0   0 780  40 820
   5   0   8   STO   0   3      s[] :    0   0   0 820  40
   4   0   9   LOD   0   4      s[] :    0   0   0 820  40  40
   5   0  10   LIT   0   1      s[] :    0   0   0 820  40  40   1
   6   0  11   OPR   0   2      s[] :    0   0   0 820  40  41
   5   0  12   STO   0   4      s[] :    0   0   0 820  41
   4   0  13   LOD   0   4      s[] :    0   0   0 820  41  41
   5   0  14   LIT   0 100      s[] :    0   0   0 820  41  41 100
   6   0  15   OPR   0  13      s[] :    0   0   0 820  41   1
   5   0  16   JPC   0   5      s[] :    0   0   0 820  41
   4   0   5   LOD   0   3      s[] :    0   0   0 820  41 820
   5   0   6   LOD   0   4      s[] :    0   0   0 820  41 820  41
   6   0   7   OPR   0   2      s[] :    0   0   0 820  41 861
   5   0   8   STO   0   3      s[] :    0   0   0 861  41
   4   0   9   LOD   0   4      s[] :    0   0   0 861  41  41
   5   0  10   LIT   0   1      s[] :    0   0   0 861  41  41   1
   6   0  11   OPR   0   2      s[] :    0   0   0 861  41  42
   5   0  12   STO   0   4      s[] :    0   0   0 861  42
   4   0  13   LOD   0   4      s[] :    0   0   0 861  42  42
   5   0  14   LIT   0 100      s[] :    0   0   0 861  42  42 100
   6   0  15   OPR   0  13      s[] :    0   0   0 861  42   1
   5   0  16   JPC   0   5      s[] :    0   0   0 861  42
   4   0   5   LOD   0   3      s[] :    0   0   0 861  42 861
   5   0   6   LOD   0   4      s[] :    0   0   0 861  42 861  42
   6   0   7   OPR   0   2      s[] :    0   0   0 861  42 903
   5   0   8   STO   0   3      s[] :    0   0   0 903  42
   4   0   9   LOD   0   4      s[] :    0   0   0 903  42  42
   5   0  10   LIT   0   1      s[] :    0   0   0 903  42  42   1
   6   0  11   OPR   0   2      s[] :    0   0   0 903  42  43
   5   0  12   STO   0   4      s[] :    0   0   0 903  43
   4   0  13   LOD   0   4      s[] :    0   0   0 903  43  43
   5   0  14   LIT   0 100      s[] :    0   0   0 903  43  43 100
   6   0  15   OPR   0  13      s[] :    0   0   0 903  43   1
   5   0  16   JPC   0   5      s[] :    0   0   0 903  43
   4   0   5   LOD   0   3      s[] :    0   0   0 903  43 903
   5   0   6   LOD   0   4      s[] :    0   0   0 903  43 903  43
   6   0   7   OPR   0   2      s[] :    0   0   0 903  43 946
   5   0   8   STO   0   3      s[] :    0   0   0 946  43
   4   0   9   LOD   0   4      s[] :    0   0   0 946  43  43
   5   0  10   LIT   0   1      s[] :    0   0   0 946  43  43   1
   6   0  11   OPR   0   2      s[] :    0   0   0 946  43  44
   5   0  12   STO   0   4      s[] :    0   0   0 946  44
   4   0  13   LOD   0   4      s[] :    0   0   0 946  44  44
   5   0  14   LIT   0 100      s[] :    0   0   0 946  44  44 100
   6   0  15   OPR   0  13      s[] :    0   0   0 946  44   1
   5   0  16   JPC   0   5      s[] :    0   0   0 946  44
   4   0   5   LOD   0   3      s[] :    0   0   0 946  44 946
   5   0   6   LOD   0   4      s[] :    0   0   0 946  44 946  44
   6   0   7   OPR   0   2      s[] :    0   0   0 946  44 990
   5   0   8   STO   0   3      s[] :    0   0   0 990  44
   4   0   9   LOD   0   4      s[] :    0   0   0 990  44  44
   5   0  10   LIT   0   1      s[] :    0   0   0 990  44  44   1
   6   0  11   OPR   0   2      s[] :    0   0   0 990  44  45
   5   0  12   STO   0   4      s[] :    0   0   0 990  45
   4   0  13   LOD   0   4      s[] :    0   0   0 990  45  45
   5   0  14   LIT   0 100      s[] :    0   0   0 990  45  45 100
   6   0  15   OPR   0  13      s[] :    0   0   0 990  45   1
   5   0  16   JPC   0   5      s[] :    0   0   0 990  45
   4   0   5   LOD   0   3      s[] :    0   0   0 990  45 990
   5   0   6   LOD   0   4      s[] :    0   0   0 990  45 990  45
   6   0   7   OPR   0   2      s[] :    0   0   0 990  45 1035
   5   0   8   STO   0   3      s[] :    0   0   0 1035  45
   4   0   9   LOD   0   4      s[] :    0   0   0 1035  45  45
   5   0  10   LIT   0   1      s[] :    0   0   0 1035  45  45   1
   6   0  11   OPR   0   2      s[] :    0   0   0 1035  45  46
   5   0  12   STO   0   4      s[] :    0   0   0 1035  46
   4   0  13   LOD   0   4      s[] :    0   0   0 1035  46  46
   5   0  14   LIT   0 100      s[] :    0   0   0 1035  46  46 100
   6   0  15   OPR   0  13      s[] :    0   0   0 1035  46   1
   5   0  16   JPC   0   5      s[] :    0   0   0 1035  46
   4   0   5   LOD   0   3      s[] :    0   0   0 1035  46 1035
   5   0   6   LOD   0   4      s[] :    0   0   0 1035  46 1035  46
   6   0   7   OPR   0   2      s[] :    0   0   0 1035  46 1081
   5   0   8   STO   0   3      s[] :    0   0   0 1081  46
   4   0   9   LOD   0   4      s[] :    0   0   0 1081  46  46
   5   0  10   LIT   0   1      s[] :    0   0   0 1081  46  46   1
   6   0  11   OPR   0   2      s[] :    0   0   0 1081  46  47
   5   0  12   STO   0   4      s[] :    0   0   0 1081  47
   4   0  13   LOD   0   4      s[] :    0   0   0 1081  47  47
   5   0  14   LIT   0 100      s[] :    0   0   0 1081  47  47 100
   6   0  15   OPR   0  13      s[] :    0   0   0 1081  47   1
   5   0  16   JPC   0   5      s[] :    0   0   0 1081  47
   4   0   5   LOD   0   3      s[] :    0   0   0 1081  47 1081
   5   0   6   LOD   0   4      s[] :    0   0   0 1081  47 1081  47
   6   0   7   OPR   0   2      s[] :    0   0   0 1081  47 1128
   5   0   8   STO   0   3      s[] :    0   0   0 1128  47
   4   0   9   LOD   0   4      s[] :    0   0   0 1128  47  47
   5   0  10   LIT   0   1      s[] :    0   0   0 1128  47  47   1
   6   0  11   OPR   0   2      s[] :    0   0   0 1128  47  48
   5   0  12   STO   0   4      s[] :    0   0   0 1128  48
   4   0  13   LOD   0   4      s[] :    0   0   0 1128  48  48
   5   0  14   LIT   0 100      s[] :    0   0   0 1128  48  48 100
   6   0  15   OPR   0  13      s[] :    0   0   0 1128  48   1
   5   0  16   JPC   0   5      s[] :    0   0   0 1128  48
   4   0   5   LOD   0   3      s[] :    0   0   0 1128  48 1128
   5   0   6   LOD   0   4      s[] :    0   0   0 1128  48 1128  48
   6   0   7   OPR   0   2      s[] :    0   0   0 1128  48 1176
   5   0   8   STO   0   3      s[] :    0   0   0 1176  48
   4   0   9   LOD   0   4      s[] :    0   0   0 1176  48  48
   5   0  10   LIT   0   1      s[] :    0   0   0 1176  48  48   1
   6   0  11   OPR   0   2      s[] :    0   0   0 1176  48  49
   5   0  12   STO   0   4      s[] :    0   0   0 1176  49
   4   0  13   LOD   0   4      s[] :    0   0   0 1176  49  49
   5   0  14   LIT   0 100      s[] :    0   0   0 1176  49  49 100
   6   0  15   OPR   0  13      s[] :    0   0   0 1176  49   1
   5   0  16   JPC   0   5      s[] :    0   0   0 1176  49
   4   0   5   LOD   0   3      s[] :    0   0   0 1176  49 1176
   5   0   6   LOD   0   4      s[] :    0   0   0 1176  49 1176  49
   6   0   7   OPR   0   2      s[] :    0   0   0 1176  49 1225
   5   0   8   STO   0   3      s[] :    0   0   0 1225  49
   4   0   9   LOD   0   4      s[] :    0   0   0 1225  49  49
   5   0  10   LIT   0   1      s[] :    0   0   0 1225  49  49   1
   6   0  11   OPR   0   2      s[] :    0   0   0 1225  49  50
   5   0  12   STO   0   4      s[] :    0   0   0 1225  50
   4   0  13   LOD   0   4      s[] :    0   0   0 1225  50  50
   5   0  14   LIT   0 100      s[] :    0   0   0 1225  50  50 100
   6   0  15   OPR   0  13      s[] :    0   0   0 1225  50   1
   5   0  16   JPC   0   5      s[] :    0   0   0 1225  50
   4   0   5   LOD   0   3      s[] :    0   0   0 1225  50 1225
   5   0   6   LOD   0   4      s[] :    0   0   0 1225  50 1225  50
   6   0   7   OPR   0   2      s[] :    0   0   0 1225  50 1275
   5   0   8   STO   0   3      s[] :    0   0   0 1275  50
   4   0   9   LOD   0   4      s[] :    0   0   0 1275  50  50
   5   0  10   LIT   0   1      s[] :    0   0   0 1275  50  50   1
   6   0  11   OPR   0   2      s[] :    0   0   0 1275  50  51
   5   0  12   STO   0   4      s[] :    0   0   0 1275  51
   4   0  13   LOD   0   4      s[] :    0   0   0 1275  51  51
   5   0  14   LIT   0 100      s[] :    0   0   0 1275  51  51 100
   6   0  15   OPR   0  13      s[] :    0   0   0 1275  51   1
   5   0  16   JPC   0   5      s[] :    0   0   0 1275  51
   4   0   5   LOD   0   3      s[] :    0   0   0 1275  51 1275
   5   0   6   LOD   0   4      s[] :    0   0   0 1275  51 1275  51
   6   0   7   OPR   0   2      s[] :    0   0   0 1275  51 1326
   5   0   8   STO   0   3      s[] :    0   0   0 1326  51
   4   0   9   LOD   0   4      s[] :    0   0   0 1326  51  51
   5   0  10   LIT   0   1      s[] :    0   0   0 1326  51  51   1
   6   0  11   OPR   0   2      s[] :    0   0   0 1326  51  52
   5   0  12   STO   0   4      s[] :    0   0   0 1326  52
   4   0  13   LOD   0   4      s[] :    0   0   0 1326  52  52
   5   0  14   LIT   0 100      s[] :    0   0   0 1326  52  52 100
   6   0  15   OPR   0  13      s[] :    0   0   0 1326  52   1
   5   0  16   JPC   0   5      s[] :    0   0   0 1326  52
   4   0   5   LOD   0   3      s[] :    0   0   0 1326  52 1326
   5   0   6   LOD   0   4      s[] :    0   0   0 1326  52 1326  52
   6   0   7   OPR   0   2      s[] :    0   0   0 1326  52 1378
   5   0   8   STO   0   3      s[] :    0   0   0 1378  52
   4   0   9   LOD   0   4      s[] :    0   0   0 1378  52  52
   5   0  10   LIT   0   1      s[] :    0   0   0 1378  52  52   1
   6   0  11   OPR   0   2      s[] :    0   0   0 1378  52  53
   5   0  12   STO   0   4      s[] :    0   0   0 1378  53
   4   0  13   LOD   0   4      s[] :    0   0   0 1378  53  53
   5   0  14   LIT   0 100      s[] :    0   0   0 1378  53  53 100
   6   0  15   OPR   0  13      s[] :    0   0   0 1378  53   1
   5   0  16   JPC   0   5      s[] :    0   0   0 1378  53
   4   0   5   LOD   0   3      s[] :    0   0   0 1378  53 1378
   5   0   6   LOD   0   4      s[] :    0   0   0 1378  53 1378  53
   6   0   7   OPR   0   2      s[] :    0   0   0 1378  53 1431
   5   0   8   STO   0   3      s[] :    0   0   0 1431  53
   4   0   9   LOD   0   4      s[] :    0   0   0 1431  53  53
   5   0  10   LIT   0   1      s[] :    0   0   0 1431  53  53   1
   6   0  11   OPR   0   2      s[] :    0   0   0 1431  53  54
   5   0  12   STO   0   4      s[] :    0   0   0 1431  54
   4   0  13   LOD   0   4      s[] :    0   0   0 1431  54  54
   5   0  14   LIT   0 100      s[] :    0   0   0 1431  54  54 100
   6   0  15   OPR   0  13      s[] :    0   0   0 1431  54   1
   5   0  16   JPC   0   5      s[] :    0   0   0 1431  54
   4   0   5   LOD   0   3      s[] :    0   0   0 1431  54 1431
   5   0   6   LOD   0   4      s[] :    0   0   0 1431  54 1431  54
   6   0   7   OPR   0   2      s[] :    0   0   0 1431  54 1485
   5   0   8   STO   0   3      s[] :    0   0   0 1485  54
   4   0   9   LOD   0   4      s[] :    0   0   0 1485  54  54
   5   0  10   LIT   0   1      s[] :    0   0   0 1485  54  54   1
   6   0  11   OPR   0   2      s[] :    0   0   0 1485  54  55
   5   0  12   STO   0   4      s[] :    0   0   0 1485  55
   4   0  13   LOD   0   4      s[] :    0   0   0 1485  55  55
   5   0  14   LIT   0 100      s[] :    0   0   0 1485  55  55 100
   6   0  15   OPR   0  13      s[] :    0   0   0 1485  55   1
   5   0  16   JPC   0   5      s[] :    0   0   0 1485  55
   4   0   5   LOD   0   3      s[] :    0   0   0 1485  55 1485
   5   0   6   LOD   0   4      s[] :    0   0   0 1485  55 1485  55
   6   0   7   OPR   0   2      s[] :    0   0   0 1485  55 1540
   5   0   8   STO   0   3      s[] :    0   0   0 1540  55
   4   0   9   LOD   0   4      s[] :    0   0   0 1540  55  55
   5   0  10   LIT   0   1      s[] :    0   0   0 1540  55  55   1
   6   0  11   OPR   0   2      s[] :    0   0   0 1540  55  56
   5   0  12   STO   0   4      s[] :    0   0   0 1540  56
   4   0  13   LOD   0   4      s[] :    0   0   0 1540  56  56
   5   0  14   LIT   0 100      s[] :    0   0   0 1540  56  56 100
   6   0  15   OPR   0  13      s[] :    0   0   0 1540  56   1
   5   0  16   JPC   0   5      s[] :    0   0   0 1540  56
   4   0   5   LOD   0   3      s[] :    0   0   0 1540  56 1540
   5   0   6   LOD   0   4      s[] :    0   0   0 1540  56 1540  56
   6   0   7   OPR   0   2      s[] :    0   0   0 1540  56 1596
   5   0   8   STO   0   3      s[] :    0   0   0 1596  56
   4   0   9   LOD   0   4      s[] :    0   0   0 1596  56  56
   5   0  10   LIT   0   1      s[] :    0   0   0 1596  56  56   1
   6   0  11   OPR   0   2      s[] :    0   0   0 1596  56  57
   5   0  12   STO   0   4      s[] :    0   0   0 1596  57
   4   0  13   LOD   0   4      s[] :    0   0   0 1596  57  57
   5   0  14   LIT   0 100      s[] :    0   0   0 1596  57  57 100
   6   0  15   OPR   0  13      s[] :    0   0   0 1596  57   1
   5   0  16   JPC   0   5      s[] :    0   0   0 1596  57
   4   0   5   LOD   0   3      s[] :    0   0   0 1596  57 1596
   5   0   6   LOD   0   4      s[] :    0   0   0 1596  57 1596  57
   6   0   7   OPR   0   2      s[] :    0   0   0 1596  57 1653
   5   0   8   STO   0   3      s[] :    0   0   0 1653  57
   4   0   9   LOD   0   4      s[] :    0   0   0 1653  57  57
   5   0  10   LIT   0   1      s[] :    0   0   0 1653  57  57   1
   6   0  11   OPR   0   2      s[] :    0   0   0 1653  57  58
   5   0  12   STO   0   4      s[] :    0   0   0 1653  58
   4   0  13   LOD   0   4      s[] :    0   0   0 1653  58  58
   5   0  14   LIT   0 100      s[] :    0   0   0 1653  58  58 100
   6   0  15   OPR   0  13      s[] :    0   0   0 1653  58   1
   5   0  16   JPC   0   5      s[] :    0   0   0 1653  58
   4   0   5   LOD   0   3      s[] :    0   0   0 1653  58 1653
   5   0   6   LOD   0   4      s[] :    0   0   0 1653  58 1653  58
   6   0   7   OPR   0   2      s[] :    0   0   0 1653  58 1711
   5   0   8   STO   0   3      s[] :    0   0   0 1711  58
   4   0   9   LOD   0   4      s[] :    0   0   0 1711  58  58
   5   0  10   LIT   0   1      s[] :    0   0   0 1711  58  58   1
   6   0  11   OPR   0   2      s[] :    0   0   0 1711  58  59
   5   0  12   STO   0   4      s[] :    0   0   0 1711  59
   4   0  13   LOD   0   4      s[] :    0   0   0 1711  59  59
   5   0  14   LIT   0 100      s[] :    0   0   0 1711  59  59 100
   6   0  15   OPR   0  13      s[] :    0   0   0 1711  59   1
   5   0  16   JPC   0   5      s[] :    0   0   0 1711  59
   4   0   5   LOD   0   3      s[] :    0   0   0 1711  59 1711
   5   0   6   LOD   0   4      s[] :    0   0   0 1711  59 1711  59
   6   0   7   OPR   0   2      s[] :    0   0   0 1711  59 1770
   5   0   8   STO   0   3      s[] :    0   0   0 1770  59
   4   0   9   LOD   0   4      s[] :    0   0   0 1770  59  59
   5   0  10   LIT   0   1      s[] :    0   0   0 1770  59  59   1
   6   0  11   OPR   0   2      s[] :    0   0   0 1770  59  60
   5   0  12   STO   0   4      s[] :    0   0   0 1770  60
   4   0  13   LOD   0   4      s[] :    0   0   0 1770  60  60
   5   0  14   LIT   0 100      s[] :    0   0   0 1770  60  60 100
   6   0  15   OPR   0  13      s[] :    0   0   0 1770  60   1
   5   0  16   JPC   0   5      s[] :    0   0   0 1770  60
   4   0   5   LOD   0   3      s[] :    0   0   0 1770  60 1770
   5   0   6   LOD   0   4      s[] :    0   0   0 1770  60 1770  60
   6   0   7   OPR   0   2      s[] :    0   0   0 1770  60 1830
   5   0   8   STO   0   3      s[] :    0   0   0 1830  60
   4   0   9   LOD   0   4      s[] :    0   0   0 1830  60  60
   5   0  10   LIT   0   1      s[] :    0   0   0 1830  60  60   1
   6   0  11   OPR   0   2      s[] :    0   0   0 1830  60  61
   5   0  12   STO   0   4      s[] :    0   0   0 1830  61
   4   0  13   LOD   0   4      s[] :    0   0   0 1830  61  61
   5   0  14   LIT   0 100      s[] :    0   0   0 1830  61  61 100
   6   0  15   OPR   0  13      s[] :    0   0   0 1830  61   1
   5   0  16   JPC   0   5      s[] :    0   0   0 1830  61
   4   0   5   LOD   0   3      s[] :    0   0   0 1830  61 1830
   5   0   6   LOD   0   4      s[] :    0   0   0 1830  61 1830  61
   6   0   7   OPR   0   2      s[] :    0   0   0 1830  61 1891
   5   0   8   STO   0   3      s[] :    0   0   0 1891  61
   4   0   9   LOD   0   4      s[] :    0   0   0 1891  61  61
   5   0  10   LIT   0   1      s[] :    0   0   0 1891  61  61   1
   6   0  11   OPR   0   2      s[] :    0   0   0 1891  61  62
   5   0  12   STO   0   4      s[] :    0   0   0 1891  62
   4   0  13   LOD   0   4      s[] :    0   0   0 1891  62  62
   5   0  14   LIT   0 100      s[] :    0   0   0 1891  62  62 100
   6   0  15   OPR   0  13      s[] :    0   0   0 1891  62   1
   5   0  16   JPC   0   5      s[] :    0   0   0 1891  62
   4   0   5   LOD   0   3      s[] :    0   0   0 1891  62 1891
   5   0   6   LOD   0   4      s[] :    0   0   0 1891  62 1891  62
   6   0   7   OPR   0   2      s[] :    0   0   0 1891  62 1953
   5   0   8   STO   0   3      s[] :    0   0   0 1953  62
   4   0   9   LOD   0   4      s[] :    0   0   0 1953  62  62
   5   0  10   LIT   0   1      s[] :    0   0   0 1953  62  62   1
   6   0  11   OPR   0   2      s[] :    0   0   0 1953  62  63
   5   0  12   STO   0   4      s[] :    0   0   0 1953  63
   4   0  13   LOD   0   4      s[] :    0   0   0 1953  63  63
   5   0  14   LIT   0 100      s[] :    0   0   0 1953  63  63 100
   6   0  15   OPR   0  13      s[] :    0   0   0 1953  63   1
   5   0  16   JPC   0   5      s[] :    0   0   0 1953  63
   4   0   5   LOD   0   3      s[] :    0   0   0 1953  63 1953
   5   0   6   LOD   0   4      s[] :    0   0   0 1953  63 1953  63
   6   0   7   OPR   0   2      s[] :    0   0   0 1953  63 2016
   5   0   8   STO   0   3      s[] :    0   0   0 2016  63
   4   0   9   LOD   0   4      s[] :    0   0   0 2016  63  63
   5   0  10   LIT   0   1      s[] :    0   0   0 2016  63  63   1
   6   0  11   OPR   0   2      s[] :    0   0   0 2016  63  64
   5   0  12   STO   0   4      s[] :    0   0   0 2016  64
   4   0  13   LOD   0   4      s[] :    0   0   0 2016  64  64
   5   0  14   LIT   0 100      s[] :    0   0   0 2016  64  64 100
   6   0  15   OPR   0  13      s[] :    0   0   0 2016  64   1
   5   0  16   JPC   0   5      s[] :    0   0   0 2016  64
   4   0   5   LOD   0   3      s[] :    0   0   0 2016  64 2016
   5   0   6   LOD   0   4      s[] :    0   0   0 2016  64 2016  64
   6   0   7   OPR   0   2      s[] :    0   0   0 2016  64 2080
   5   0   8   STO   0   3      s[] :    0   0   0 2080  64
   4   0   9   LOD   0   4      s[] :    0   0   0 2080  64  64
   5   0  10   LIT   0   1      s[] :    0   0   0 2080  64  64   1
   6   0  11   OPR   0   2      s[] :    0   0   0 2080  64  65
   5   0  12   STO   0   4      s[] :    0   0   0 2080  65
   4   0  13   LOD   0   4      s[] :    0   0   0 2080  65  65
   5   0  14   LIT   0 100      s[] :    0   0   0 2080  65  65 100
   6   0  15   OPR   0  13      s[] :    0   0   0 2080  65   1
   5   0  16   JPC   0   5      s[] :    0   0   0 2080  65
   4   0   5   LOD   0   3      s[] :    0   0   0 2080  65 2080
   5   0   6   LOD   0   4      s[] :    0   0   0 2080  65 2080  65
   6   0   7   OPR   0   2      s[] :    0   0   0 2080  65 2145
   5   0   8   STO   0   3      s[] :    0   0   0 2145  65
   4   0   9   LOD   0   4      s[] :    0   0   0 2145  65  65
   5   0  10   LIT   0   1      s[] :    0   0   0 2145  65  65   1
   6   0  11   OPR   0   2      s[] :    0   0   0 2145  65  66
   5   0  12   STO   0   4      s[] :    0   0   0 2145  66
   4   0  13   LOD   0   4      s[] :    0   0   0 2145  66  66
   5   0  14   LIT   0 100      s[] :    0   0   0 2145  66  66 100
   6   0  15   OPR   0  13      s[] :    0   0   0 2145  66   1
   5   0  16   JPC   0   5      s[] :    0   0   0 2145  66
   4   0   5   LOD   0   3      s[] :    0   0   0 2145  66 2145
   5   0   6   LOD   0   4      s[] :    0   0   0 2145  66 2145  66
   6   0   7   OPR   0   2      s[] :    0   0   0 2145  66 2211
   5   0   8   STO   0   3      s[] :    0   0   0 2211  66
   4   0   9   LOD   0   4      s[] :    0   0   0 2211  66  66
   5   0  10   LIT   0   1      s[] :    0   0   0 2211  66  66   1
   6   0  11   OPR   0   2      s[] :    0   0   0 2211  66  67
   5   0  12   STO   0   4      s[] :    0   0   0 2211  67
   4   0  13   LOD   0   4      s[] :    0   0   0 2211  67  67
   5   0  14   LIT   0 100      s[] :    0   0   0 2211  67  67 100
   6   0  15   OPR   0  13      s[] :    0   0   0 2211  67   1
   5   0  16   JPC   0   5      s[] :    0   0   0 2211  67
   4   0   5   LOD   0   3      s[] :    0   0   0 2211  67 2211
   5   0   6   LOD   0   4      s[] :    0   0   0 2211  67 2211  67
   6   0   7   OPR   0   2      s[] :    0   0   0 2211  67 2278
   5   0   8   STO   0   3      s[] :    0   0   0 2278  67
   4   0   9   LOD   0   4      s[] :    0   0   0 2278  67  67
   5   0  10   LIT   0   1      s[] :    0   0   0 2278  67  67   1
   6   0  11   OPR   0   2      s[] :    0   0   0 2278  67  68
   5   0  12   STO   0   4      s[] :    0   0   0 2278  68
   4   0  13   LOD   0   4      s[] :    0   0   0 2278  68  68
   5   0  14   LIT   0 100      s[] :    0   0   0 2278  68  68 100
   6   0  15   OPR   0  13      s[] :    0   0   0 2278  68   1
   5   0  16   JPC   0   5      s[] :    0   0   0 2278  68
   4   0   5   LOD   0   3      s[] :    0   0   0 2278  68 2278
   5   0   6   LOD   0   4      s[] :    0   0   0 2278  68 2278  68
   6   0   7   OPR   0   2      s[] :    0   0   0 2278  68 2346
   5   0   8   STO   0   3      s[] :    0   0   0 2346  68
   4   0   9   LOD   0   4      s[] :    0   0   0 2346  68  68
   5   0  10   LIT   0   1      s[] :    0   0   0 2346  68  68   1
   6   0  11   OPR   0   2      s[] :    0   0   0 2346  68  69
   5   0  12   STO   0   4      s[] :    0   0   0 2346  69
   4   0  13   LOD   0   4      s[] :    0   0   0 2346  69  69
   5   0  14   LIT   0 100      s[] :    0   0   0 2346  69  69 100
   6   0  15   OPR   0  13      s[] :    0   0   0 2346  69   1
   5   0  16   JPC   0   5      s[] :    0   0   0 2346  69
   4   0   5   LOD   0   3      s[] :    0   0   0 2346  69 2346
   5   0   6   LOD   0   4      s[] :    0   0   0 2346  69 2346  69
   6   0   7   OPR   0   2      s[] :    0   0   0 2346  69 2415
   5   0   8   STO   0   3      s[] :    0   0   0 2415  69
   4   0   9   LOD   0   4      s[] :    0   0   0 2415  69  69
   5   0  10   LIT   0   1      s[] :    0   0   0 2415  69  69   1
   6   0  11   OPR   0   2      s[] :    0   0   0 2415  69  70
   5   0  12   STO   0   4      s[] :    0   0   0 2415  70
   4   0  13   LOD   0   4      s[] :    0   0   0 2415  70  70
   5   0  14   LIT   0 100      s[] :    0   0   0 2415  70  70 100
   6   0  15   OPR   0  13      s[] :    0   0   0 2415  70   1
   5   0  16   JPC   0   5      s[] :    0   0   0 2415  70
   4   0   5   LOD   0   3      s[] :    0   0   0 2415  70 2415
   5   0   6   LOD   0   4      s[] :    0   0   0 2415  70 2415  70
   6   0   7   OPR   0   2      s[] :    0   0   0 2415  70 2485
   5   0   8   STO   0   3      s[] :    0   0   0 2485  70
   4   0   9   LOD   0   4      s[] :    0   0   0 2485  70  70
   5   0  10   LIT   0   1      s[] :    0   0   0 2485  70  70   1
   6   0  11   OPR   0   2      s[] :    0   0   0 2485  70  71
   5   0  12   STO   0   4      s[] :    0   0   0 2485  71
   4   0  13   LOD   0   4      s[] :    0   0   0 2485  71  71
   5   0  14   LIT   0 100      s[] :    0   0   0 2485  71  71 100
   6   0  15   OPR   0  13      s[] :    0   0   0 2485  71   1
   5   0  16   JPC   0   5      s[] :    0   0   0 2485  71
   4   0   5   LOD   0   3      s[] :    0   0   0 2485  71 2485
   5   0   6   LOD   0   4      s[] :    0   0   0 2485  71 2485  71
   6   0   7   OPR   0   2      s[] :    0   0   0 2485  71 2556
   5   0   8   STO   0   3      s[] :    0   0   0 2556  71
   4   0   9   LOD   0   4      s[] :    0   0   0 2556  71  71
   5   0  10   LIT   0   1      s[] :    0   0   0 2556  71  71   1
   6   0  11   OPR   0   2      s[] :    0   0   0 2556  71  72
   5   0  12   STO   0   4      s[] :    0   0   0 2556  72
   4   0  13   LOD   0   4      s[] :    0   0   0 2556  72  72
   5   0  14   LIT   0 100      s[] :    0   0   0 2556  72  72 100
   6   0  15   OPR   0  13      s[] :    0   0   0 2556  72   1
   5   0  16   JPC   0   5      s[] :    0   0   0 2556  72
   4   0   5   LOD   0   3      s[] :    0   0   0 2556  72 2556
   5   0   6   LOD   0   4      s[] :    0   0   0 2556  72 2556  72
   6   0   7   OPR   0   2      s[] :    0   0   0 2556  72 2628
   5   0   8   STO   0   3      s[] :    0   0   0 2628  72
   4   0   9   LOD   0   4      s[] :    0   0   0 2628  72  72
   5   0  10   LIT   0   1      s[] :    0   0   0 2628  72  72   1
   6   0  11   OPR   0   2      s[] :    0   0   0 2628  72  73
   5   0  12   STO   0   4      s[] :    0   0   0 2628  73
   4   0  13   LOD   0   4      s[] :    0   0   0 2628  73  73
   5   0  14   LIT   0 100      s[] :    0   0   0 2628  73  73 100
   6   0  15   OPR   0  13      s[] :    0   0   0 2628  73   1
   5   0  16   JPC   0   5      s[] :    0   0   0 2628  73
   4   0   5   LOD   0   3      s[] :    0   0   0 2628  73 2628
   5   0   6   LOD   0   4      s[] :    0   0   0 2628  73 2628  73
   6   0   7   OPR   0   2      s[] :    0   0   0 2628  73 2701
   5   0   8   STO   0   3      s[] :    0   0   0 2701  73
   4   0   9   LOD   0   4      s[] :    0   0   0 2701  73  73
   5   0  10   LIT   0   1      s[] :    0   0   0 2701  73  73   1
   6   0  11   OPR   0   2      s[] :    0   0   0 2701  73  74
   5   0  12   STO   0   4      s[] :    0   0   0 2701  74
   4   0  13   LOD   0   4      s[] :    0   0   0 2701  74  74
   5   0  14   LIT   0 100      s[] :    0   0   0 2701  74  74 100
   6   0  15   OPR   0  13      s[] :    0   0   0 2701  74   1
   5   0  16   JPC   0   5      s[] :    0   0   0 2701  74
   4   0   5   LOD   0   3      s[] :    0   0   0 2701  74 2701
   5   0   6   LOD   0   4      s[] :    0   0   0 2701  74 2701  74
   6   0   7   OPR   0   2      s[] :    0   0   0 2701  74 2775
   5   0   8   STO   0   3      s[] :    0   0   0 2775  74
   4   0   9   LOD   0   4      s[] :    0   0   0 2775  74  74
   5   0  10   LIT   0   1      s[] :    0   0   0 2775  74  74   1
   6   0  11   OPR   0   2      s[] :    0   0   0 2775  74  75
   5   0  12   STO   0   4      s[] :    0   0   0 2775  75
   4   0  13   LOD   0   4      s[] :    0   0   0 2775  75  75
   5   0  14   LIT   0 100      s[] :    0   0   0 2775  75  75 100
   6   0  15   OPR   0  13      s[] :    0   0   0 2775  75   1
   5   0  16   JPC   0   5      s[] :    0   0   0 2775  75
   4   0   5   LOD   0   3      s[] :    0   0   0 2775  75 2775
   5   0   6   LOD   0   4      s[] :    0   0   0 2775  75 2775  75
   6   0   7   OPR   0   2      s[] :    0   0   0 2775  75 2850
   5   0   8   STO   0   3      s[] :    0   0   0 2850  75
   4   0   9   LOD   0   4      s[] :    0   0   0 2850  75  75
   5   0  10   LIT   0   1      s[] :    0   0   0 2850  75  75   1
   6   0  11   OPR   0   2      s[] :    0   0   0 2850  75  76
   5   0  12   STO   0   4      s[] :    0   0   0 2850  76
   4   0  13   LOD   0   4      s[] :    0   0   0 2850  76  76
   5   0  14   LIT   0 100      s[] :    0   0   0 2850  76  76 100
   6   0  15   OPR   0  13      s[] :    0   0   0 2850  76   1
   5   0  16   JPC   0   5      s[] :    0   0   0 2850  76
   4   0   5   LOD   0   3      s[] :    0   0   0 2850  76 2850
   5   0   6   LOD   0   4      s[] :    0   0   0 2850  76 2850  76
   6   0   7   OPR   0   2      s[] :    0   0   0 2850  76 2926
   5   0   8   STO   0   3      s[] :    0   0   0 2926  76
   4   0   9   LOD   0   4      s[] :    0   0   0 2926  76  76
   5   0  10   LIT   0   1      s[] :    0   0   0 2926  76  76   1
   6   0  11   OPR   0   2      s[] :    0   0   0 2926  76  77
   5   0  12   STO   0   4      s[] :    0   0   0 2926  77
   4   0  13   LOD   0   4      s[] :    0   0   0 2926  77  77
   5   0  14   LIT   0 100      s[] :    0   0   0 2926  77  77 100
   6   0  15   OPR   0  13      s[] :    0   0   0 2926  77   1
   5   0  16   JPC   0   5      s[] :    0   0   0 2926  77
   4   0   5   LOD   0   3      s[] :    0   0   0 2926  77 2926
   5   0   6   LOD   0   4      s[] :    0   0   0 2926  77 2926  77
   6   0   7   OPR   0   2      s[] :    0   0   0 2926  77 3003
   5   0   8   STO   0   3      s[] :    0   0   0 3003  77
   4   0   9   LOD   0   4      s[] :    0   0   0 3003  77  77
   5   0  10   LIT   0   1      s[] :    0   0   0 3003  77  77   1
   6   0  11   OPR   0   2      s[] :    0   0   0 3003  77  78
   5   0  12   STO   0   4      s[] :    0   0   0 3003  78
   4   0  13   LOD   0   4      s[] :    0   0   0 3003  78  78
   5   0  14   LIT   0 100      s[] :    0   0   0 3003  78  78 100
   6   0  15   OPR   0  13      s[] :    0   0   0 3003  78   1
   5   0  16   JPC   0   5      s[] :    0   0   0 3003  78
   4   0   5   LOD   0   3      s[] :    0   0   0 3003  78 3003
   5   0   6   LOD   0   4      s[] :    0   0   0 3003  78 3003  78
   6   0   7   OPR   0   2      s[] :    0   0   0 3003  78 3081
   5   0   8   STO   0   3      s[] :    0   0   0 3081  78
   4   0   9   LOD   0   4      s[] :    0   0   0 3081  78  78
   5   0  10   LIT   0   1      s[] :    0   0   0 3081  78  78   1
   6   0  11   OPR   0   2      s[] :    0   0   0 3081  78  79
   5   0  12   STO   0   4      s[] :    0   0   0 3081  79
   4   0  13   LOD   0   4      s[] :    0   0   0 3081  79  79
   5   0  14   LIT   0 100      s[] :    0   0   0 3081  79  79 100
   6   0  15   OPR   0  13      s[] :    0   0   0 3081  79   1
   5   0  16   JPC   0   5      s[] :    0   0   0 3081  79
   4   0   5   LOD   0   3      s[] :    0   0   0 3081  79 3081
   5   0   6   LOD   0   4      s[] :    0   0   0 3081  79 3081  79
   6   0   7   OPR   0   2      s[] :    0   0   0 3081  79 3160
   5   0   8   STO   0   3      s[] :    0   0   0 3160  79
   4   0   9   LOD   0   4      s[] :    0   0   0 3160  79  79
   5   0  10   LIT   0   1      s[] :    0   0   0 3160  79  79   1
   6   0  11   OPR   0   2      s[] :    0   0   0 3160  79  80
   5   0  12   STO   0   4      s[] :    0   0   0 3160  80
   4   0  13   LOD   0   4      s[] :    0   0   0 3160  80  80
   5   0  14   LIT   0 100      s[] :    0   0   0 3160  80  80 100
   6   0  15   OPR   0  13      s[] :    0   0   0 3160  80   1
   5   0  16   JPC   0   5      s[] :    0   0   0 3160  80
   4   0   5   LOD   0   3      s[] :    0   0   0 3160  80 3160
   5   0   6   LOD   0   4      s[] :    0   0   0 3160  80 3160  80
   6   0   7   OPR   0   2      s[] :    0   0   0 3160  80 3240
   5   0   8   STO   0   3      s[] :    0   0   0 3240  80
   4   0   9   LOD   0   4      s[] :    0   0   0 3240  80  80
   5   0  10   LIT   0   1      s[] :    0   0   0 3240  80  80   1
   6   0  11   OPR   0   2      s[] :    0   0   0 3240  80  81
   5   0  12   STO   0   4      s[] :    0   0   0 3240  81
   4   0  13   LOD   0   4      s[] :    0   0   0 3240  81  81
   5   0  14   LIT   0 100      s[] :    0   0   0 3240  81  81 100
   6   0  15   OPR   0  13      s[] :    0   0   0 3240  81   1
   5   0  16   JPC   0   5      s[] :    0   0   0 3240  81
   4   0   5   LOD   0   3      s[] :    0   0   0 3240  81 3240
   5   0   6   LOD   0   4      s[] :    0   0   0 3240  81 3240  81
   6   0   7   OPR   0   2      s[] :    0   0   0 3240  81 3321
   5   0   8   STO   0   3      s[] :    0   0   0 3321  81
   4   0   9   LOD   0   4      s[] :    0   0   0 3321  81  81
   5   0  10   LIT   0   1      s[] :    0   0   0 3321  81  81   1
   6   0  11   OPR   0   2      s[] :    0   0   0 3321  81  82
   5   0  12   STO   0   4      s[] :    0   0   0 3321  82
   4   0  13   LOD   0   4      s[] :    0   0   0 3321  82  82
   5   0  14   LIT   0 100      s[] :    0   0   0 3321  82  82 100
   6   0  15   OPR   0  13      s[] :    0   0   0 3321  82   1
   5   0  16   JPC   0   5      s[] :    0   0   0 3321  82
   4   0   5   LOD   0   3      s[] :    0   0   0 3321  82 3321
   5   0   6   LOD   0   4      s[] :    0   0   0 3321  82 3321  82
   6   0   7   OPR   0   2      s[] :    0   0   0 3321  82 3403
   5   0   8   STO   0   3      s[] :    0   0   0 3403  82
   4   0   9   LOD   0   4      s[] :    0   0   0 3403  82  82
   5   0  10   LIT   0   1      s[] :    0   0   0 3403  82  82   1
   6   0  11   OPR   0   2      s[] :    0   0   0 3403  82  83
   5   0  12   STO   0   4      s[] :    0   0   0 3403  83
   4   0  13   LOD   0   4      s[] :    0   0   0 3403  83  83
   5   0  14   LIT   0 100      s[] :    0   0   0 3403  83  83 100
   6   0  15   OPR   0  13      s[] :    0   0   0 3403  83   1
   5   0  16   JPC   0   5      s[] :    0   0   0 3403  83
   4   0   5   LOD   0   3      s[] :    0   0   0 3403  83 3403
   5   0   6   LOD   0   4      s[] :    0   0   0 3403  83 3403  83
   6   0   7   OPR   0   2      s[] :    0   0   0 3403  83 3486
   5   0   8   STO   0   3      s[] :    0   0   0 3486  83
   4   0   9   LOD   0   4      s[] :    0   0   0 3486  83  83
   5   0  10   LIT   0   1      s[] :    0   0   0 3486  83  83   1
   6   0  11   OPR   0   2      s[] :    0   0   0 3486  83  84
   5   0  12   STO   0   4      s[] :    0   0   0 3486  84
   4   0  13   LOD   0   4      s[] :    0   0   0 3486  84  84
   5   0  14   LIT   0 100      s[] :    0   0   0 3486  84  84 100
   6   0  15   OPR   0  13      s[] :    0   0   0 3486  84   1
   5   0  16   JPC   0   5      s[] :    0   0   0 3486  84
   4   0   5   LOD   0   3      s[] :    0   0   0 3486  84 3486
   5   0   6   LOD   0   4      s[] :    0   0   0 3486  84 3486  84
   6   0   7   OPR   0   2      s[] :    0   0   0 3486  84 3570
   5   0   8   STO   0   3      s[] :    0   0   0 3570  84
   4   0   9   LOD   0   4      s[] :    0   0   0 3570  84  84
   5   0  10   LIT   0   1      s[] :    0   0   0 3570  84  84   1
   6   0  11   OPR   0   2      s[] :    0   0   0 3570  84  85
   5   0  12   STO   0   4      s[] :    0   0   0 3570  85
   4   0  13   LOD   0   4      s[] :    0   0   0 3570  85  85
   5   0  14   LIT   0 100      s[] :    0   0   0 3570  85  85 100
   6   0  15   OPR   0  13      s[] :    0   0   0 3570  85   1
   5   0  16   JPC   0   5      s[] :    0   0   0 3570  85
   4   0   5   LOD   0   3      s[] :    0   0   0 3570  85 3570
   5   0   6   LOD   0   4      s[] :    0   0   0 3570  85 3570  85
   6   0   7   OPR   0   2      s[] :    0   0   0 3570  85 3655
   5   0   8   STO   0   3      s[] :    0   0   0 3655  85
   4   0   9   LOD   0   4      s[] :    0   0   0 3655  85  85
   5   0  10   LIT   0   1      s[] :    0   0   0 3655  85  85   1
   6   0  11   OPR   0   2      s[] :    0   0   0 3655  85  86
   5   0  12   STO   0   4      s[] :    0   0   0 3655  86
   4   0  13   LOD   0   4      s[] :    0   0   0 3655  86  86
   5   0  14   LIT   0 100      s[] :    0   0   0 3655  86  86 100
   6   0  15   OPR   0  13      s[] :    0   0   0 3655  86   1
   5   0  16   JPC   0   5      s[] :    0   0   0 3655  86
   4   0   5   LOD   0   3      s[] :    0   0   0 3655  86 3655
   5   0   6   LOD   0   4      s[] :    0   0   0 3655  86 3655  86
   6   0   7   OPR   0   2      s[] :    0   0   0 3655  86 3741
   5   0   8   STO   0   3      s[] :    0   0   0 3741  86
   4   0   9   LOD   0   4      s[] :    0   0   0 3741  86  86
   5   0  10   LIT   0   1      s[] :    0   0   0 3741  86  86   1
   6   0  11   OPR   0   2      s[] :    0   0   0 3741  86  87
   5   0  12   STO   0   4      s[] :    0   0   0 3741  87
   4   0  13   LOD   0   4      s[] :    0   0   0 3741  87  87
   5   0  14   LIT   0 100      s[] :    0   0   0 3741  87  87 100
   6   0  15   OPR   0  13      s[] :    0   0   0 3741  87   1
   5   0  16   JPC   0   5      s[] :    0   0   0 3741  87
   4   0   5   LOD   0   3      s[] :    0   0   0 3741  87 3741
   5   0   6   LOD   0   4      s[] :    0   0   0 3741  87 3741  87
   6   0   7   OPR   0   2      s[] :    0   0   0 3741  87 3828
   5   0   8   STO   0   3      s[] :    0   0   0 3828  87
   4   0   9   LOD   0   4      s[] :    0   0   0 3828  87  87
   5   0  10   LIT   0   1      s[] :    0   0   0 3828  87  87   1
   6   0  11   OPR   0   2      s[] :    0   0   0 3828  87  88
   5   0  12   STO   0   4      s[] :    0   0   0 3828  88
   4   0  13   LOD   0   4      s[] :    0   0   0 3828  88  88
   5   0  14   LIT   0 100      s[] :    0   0   0 3828  88  88 100
   6   0  15   OPR   0  13      s[] :    0   0   0 3828  88   1
   5   0  16   JPC   0   5      s[] :    0   0   0 3828  88
   4   0   5   LOD   0   3      s[] :    0   0   0 3828  88 3828
   5   0   6   LOD   0   4      s[] :    0   0   0 3828  88 3828  88
   6   0   7   OPR   0   2      s[] :    0   0   0 3828  88 3916
   5   0   8   STO   0   3      s[] :    0   0   0 3916  88
   4   0   9   LOD   0   4      s[] :    0   0   0 3916  88  88
   5   0  10   LIT   0   1      s[] :    0   0   0 3916  88  88   1
   6   0  11   OPR   0   2      s[] :    0   0   0 3916  88  89
   5   0  12   STO   0   4      s[] :    0   0   0 3916  89
   4   0  13   LOD   0   4      s[] :    0   0   0 3916  89  89
   5   0  14   LIT   0 100      s[] :    0   0   0 3916  89  89 100
   6   0  15   OPR   0  13      s[] :    0   0   0 3916  89   1
   5   0  16   JPC   0   5      s[] :    0   0   0 3916  89
   4   0   5   LOD   0   3      s[] :    0   0   0 3916  89 3916
   5   0   6   LOD   0   4      s[] :    0   0   0 3916  89 3916  89
   6   0   7   OPR   0   2      s[] :    0   0   0 3916  89 4005
   5   0   8   STO   0   3      s[] :    0   0   0 4005  89
   4   0   9   LOD   0   4      s[] :    0   0   0 4005  89  89
   5   0  10   LIT   0   1      s[] :    0   0   0 4005  89  89   1
   6   0  11   OPR   0   2      s[] :    0   0   0 4005  89  90
   5   0  12   STO   0   4      s[] :    0   0   0 4005  90
   4   0  13   LOD   0   4      s[] :    0   0   0 4005  90  90
   5   0  14   LIT   0 100      s[] :    0   0   0 4005  90  90 100
   6   0  15   OPR   0  13      s[] :    0   0   0 4005  90   1
   5   0  16   JPC   0   5      s[] :    0   0   0 4005  90
   4   0   5   LOD   0   3      s[] :    0   0   0 4005  90 4005
   5   0   6   LOD   0   4      s[] :    0   0   0 4005  90 4005  90
   6   0   7   OPR   0   2      s[] :    0   0   0 4005  90 4095
   5   0   8   STO   0   3      s[] :    0   0   0 4095  90
   4   0   9   LOD   0   4      s[] :    0   0   0 4095  90  90
   5   0  10   LIT   0   1      s[] :    0   0   0 4095  90  90   1
   6   0  11   OPR   0   2      s[] :    0   0   0 4095  90  91
   5   0  12   STO   0   4      s[] :    0   0   0 4095  91
   4   0  13   LOD   0   4      s[] :    0   0   0 4095  91  91
   5   0  14   LIT   0 100      s[] :    0   0   0 4095  91  91 100
   6   0  15   OPR   0  13      s[] :    0   0   0 4095  91   1
   5   0  16   JPC   0   5      s[] :    0   0   0 4095  91
   4   0   5   LOD   0   3      s[] :    0   0   0 4095  91 4095
   5   0   6   LOD   0   4      s[] :    0   0   0 4095  91 4095  91
   6   0   7   OPR   0   2      s[] :    0   0   0 4095  91 4186
   5   0   8   STO   0   3      s[] :    0   0   0 4186  91
   4   0   9   LOD   0   4      s[] :    0   0   0 4186  91  91
   5   0  10   LIT   0   1      s[] :    0   0   0 4186  91  91   1
   6   0  11   OPR   0   2      s[] :    0   0   0 4186  91  92
   5   0  12   STO   0   4      s[] :    0   0   0 4186  92
   4   0  13   LOD   0   4      s[] :    0   0   0 4186  92  92
   5   0  14   LIT   0 100      s[] :    0   0   0 4186  92  92 100
   6   0  15   OPR   0  13      s[] :    0   0   0 4186  92   1
   5   0  16   JPC   0   5      s[] :    0   0   0 4186  92
   4   0   5   LOD   0   3      s[] :    0   0   0 4186  92 4186
   5   0   6   LOD   0   4      s[] :    0   0   0 4186  92 4186  92
   6   0   7   OPR   0   2      s[] :    0   0   0 4186  92 4278
   5   0   8   STO   0   3      s[] :    0   0   0 4278  92
   4   0   9   LOD   0   4      s[] :    0   0   0 4278  92  92
   5   0  10   LIT   0   1      s[] :    0   0   0 4278  92  92   1
   6   0  11   OPR   0   2      s[] :    0   0   0 4278  92  93
   5   0  12   STO   0   4      s[] :    0   0   0 4278  93
   4   0  13   LOD   0   4      s[] :    0   0   0 4278  93  93
   5   0  14   LIT   0 100      s[] :    0   0   0 4278  93  93 100
   6   0  15   OPR   0  13      s[] :    0   0   0 4278  93   1
   5   0  16   JPC   0   5      s[] :    0   0   0 4278  93
   4   0   5   LOD   0   3      s[] :    0   0   0 4278  93 4278
   5   0   6   LOD   0   4      s[] :    0   0   0 4278  93 4278  93
   6   0   7   OPR   0   2      s[] :    0   0   0 4278  93 4371
   5   0   8   STO   0   3      s[] :    0   0   0 4371  93
   4   0   9   LOD   0   4      s[] :    0   0   0 4371  93  93
   5   0  10   LIT   0   1      s[] :    0   0   0 4371  93  93   1
   6   0  11   OPR   0   2      s[] :    0   0   0 4371  93  94
   5   0  12   STO   0   4      s[] :    0   0   0 4371  94
   4   0  13   LOD   0   4      s[] :    0   0   0 4371  94  94
   5   0  14   LIT   0 100      s[] :    0   0   0 4371  94  94 100
   6   0  15   OPR   0  13      s[] :    0   0   0 4371  94   1
   5   0  16   JPC   0   5      s[] :    0   0   0 4371  94
   4   0   5   LOD   0   3      s[] :    0   0   0 4371  94 4371
   5   0   6   LOD   0   4      s[] :    0   0   0 4371  94 4371  94
   6   0   7   OPR   0   2      s[] :    0   0   0 4371  94 4465
   5   0   8   STO   0   3      s[] :    0   0   0 4465  94
   4   0   9   LOD   0   4      s[] :    0   0   0 4465  94  94
   5   0  10   LIT   0   1      s[] :    0   0   0 4465  94  94   1
   6   0  11   OPR   0   2      s[] :    0   0   0 4465  94  95
   5   0  12   STO   0   4      s[] :    0   0   0 4465  95
   4   0  13   LOD   0   4      s[] :    0   0   0 4465  95  95
   5   0  14   LIT   0 100      s[] :    0   0   0 4465  95  95 100
   6   0  15   OPR   0  13      s[] :    0   0   0 4465  95   1
   5   0  16   JPC   0   5      s[] :    0   0   0 4465  95
   4   0   5   LOD   0   3      s[] :    0   0   0 4465  95 4465
   5   0   6   LOD   0   4      s[] :    0   0   0 4465  95 4465  95
   6   0   7   OPR   0   2      s[] :    0   0   0 4465  95 4560
   5   0   8   STO   0   3      s[] :    0   0   0 4560  95
   4   0   9   LOD   0   4      s[] :    0   0   0 4560  95  95
   5   0  10   LIT   0   1      s[] :    0   0   0 4560  95  95   1
   6   0  11   OPR   0   2      s[] :    0   0   0 4560  95  96
   5   0  12   STO   0   4      s[] :    0   0   0 4560  96
   4   0  13   LOD   0   4      s[] :    0   0   0 4560  96  96
   5   0  14   LIT   0 100      s[] :    0   0   0 4560  96  96 100
   6   0  15   OPR   0  13      s[] :    0   0   0 4560  96   1
   5   0  16   JPC   0   5      s[] :    0   0   0 4560  96
   4   0   5   LOD   0   3      s[] :    0   0   0 4560  96 4560
   5   0   6   LOD   0   4      s[] :    0   0   0 4560  96 4560  96
   6   0   7   OPR   0   2      s[] :    0   0   0 4560  96 4656
   5   0   8   STO   0   3      s[] :    0   0   0 4656  96
   4   0   9   LOD   0   4      s[] :    0   0   0 4656  96  96
   5   0  10   LIT   0   1      s[] :    0   0   0 4656  96  96   1
   6   0  11   OPR   0   2      s[] :    0   0   0 4656  96  97
   5   0  12   STO   0   4      s[] :    0   0   0 4656  97
   4   0  13   LOD   0   4      s[] :    0   0   0 4656  97  97
   5   0  14   LIT   0 100      s[] :    0   0   0 4656  97  97 100
   6   0  15   OPR   0  13      s[] :    0   0   0 4656  97   1
   5   0  16   JPC   0   5      s[] :    0   0   0 4656  97
   4   0   5   LOD   0   3      s[] :    0   0   0 4656  97 4656
   5   0   6   LOD   0   4      s[] :    0   0   0 4656  97 4656  97
   6   0   7   OPR   0   2      s[] :    0   0   0 4656  97 4753
   5   0   8   STO   0   3      s[] :    0   0   0 4753  97
   4   0   9   LOD   0   4      s[] :    0   0   0 4753  97  97
   5   0  10   LIT   0   1      s[] :    0   0   0 4753  97  97   1
   6   0  11   OPR   0   2      s[] :    0   0   0 4753  97  98
   5   0  12   STO   0   4      s[] :    0   0   0 4753  98
   4   0  13   LOD   0   4      s[] :    0   0   0 4753  98  98
   5   0  14   LIT   0 100      s[] :    0   0   0 4753  98  98 100
   6   0  15   OPR   0  13      s[] :    0   0   0 4753  98   1
   5   0  16   JPC   0   5      s[] :    0   0   0 4753  98
   4   0   5   LOD   0   3      s[] :    0   0   0 4753  98 4753
   5   0   6   LOD   0   4      s[] :    0   0   0 4753  98 4753  98
   6   0   7   OPR   0   2      s[] :    0   0   0 4753  98 4851
   5   0   8   STO   0   3      s[] :    0   0   0 4851  98
   4   0   9   LOD   0   4      s[] :    0   0   0 4851  98  98
   5   0  10   LIT   0   1      s[] :    0   0   0 4851  98  98   1
   6   0  11   OPR   0   2      s[] :    0   0   0 4851  98  99
   5   0  12   STO   0   4      s[] :    0   0   0 4851  99
   4   0  13   LOD   0   4      s[] :    0   0   0 4851  99  99
   5   0  14   LIT   0 100      s[] :    0   0   0 4851  99  99 100
   6   0  15   OPR   0  13      s[] :    0   0   0 4851  99   1
   5   0  16   JPC   0   5      s[] :    0   0   0 4851  99
   4   0   5   LOD   0   3      s[] :    0   0   0 4851  99 4851
   5   0   6   LOD   0   4      s[] :    0   0   0 4851  99 4851  99
   6   0   7   OPR   0   2      s[] :    0   0   0 4851  99 4950
   5   0   8   STO   0   3      s[] :    0   0   0 4950  99
   4   0   9   LOD   0   4      s[] :    0   0   0 4950  99  99
   5   0  10   LIT   0   1      s[] :    0   0   0 4950  99  99   1
   6   0  11   OPR   0   2      s[] :    0   0   0 4950  99 100
   5   0  12   STO   0   4      s[] :    0   0   0 4950 100
   4   0  13   LOD   0   4      s[] :    0   0   0 4950 100 100
   5   0  14   LIT   0 100      s[] :    0   0   0 4950 100 100 100
   6   0  15   OPR   0  13      s[] :    0   0   0 4950 100   1
   5   0  16   JPC   0   5      s[] :    0   0   0 4950 100
   4   0   5   LOD   0   3      s[] :    0   0   0 4950 100 4950
   5   0   6   LOD   0   4      s[] :    0   0   0 4950 100 4950 100
   6   0   7   OPR   0   2      s[] :    0   0   0 4950 100 5050
   5   0   8   STO   0   3      s[] :    0   0   0 5050 100
   4   0   9   LOD   0   4      s[] :    0   0   0 5050 100 100
   5   0  10   LIT   0   1      s[] :    0   0   0 5050 100 100   1
   6   0  11   OPR   0   2      s[] :    0   0   0 5050 100 101
   5   0  12   STO   0   4      s[] :    0   0   0 5050 101
   4   0  13   LOD   0   4      s[] :    0   0   0 5050 101 101
   5   0  14   LIT   0 100      s[] :    0   0   0 5050 101 101 100
   6   0  15   OPR   0  13      s[] :    0   0   0 5050 101   0
   5   0  16   JPC   0   5      s[] :    0   0   0 5050 101
   4   0  17   LOD   0   3      s[] :    0   0   0 5050 101 5050
   5   0  18   OPR   0   0      s[] : 
 === === ===   === === ===             === === === === === === === === === === === === === === ===
 t   b   p     f   l   a                 0   1   2   3   4   5   6   7   8   9  10  11  12  13  14
 end pl/0 