start pl/0
 t   b   p     f   l   a                 0   1   2   3   4   5   6   7   8   9  10  11  12  13  14
 === === ===   === === ===             === === === === === === === === === === === === === === ===
  -1   0   0   INT   0   6      s[] :    0   0   0   0   0   0
   5   0   1   LIT   0   8      s[] :    0   0   0   0   0   0   8
   6   0   2   STO   0   3      s[] :    0   0   0   8   0   0
   5   0   3   LIT   0  12      s[] :    0   0   0   8   0   0  12
   6   0   4   STO   0   4      s[] :    0   0   0   8  12   0
   5   0   5   LOD   0   3      s[] :    0   0   0   8  12   0   8
   6   0   6   STO   0   9      s[] :    0   0   0   8  12   0
   5   0   7   LOD   0   4      s[] :    0   0   0   8  12   0  12
   6   0   8   STO   0  10      s[] :    0   0   0   8  12   0
   5   0   9   CAL   0  13      s[] :    0   0   0   8  12   0
   5   6  13   INT   0   6      s[] :    0   0   0   8  12   0   0   0  10   8  12   0
  11   6  14   LOD   0   3      s[] :    0   0   0   8  12   0   0   0  10   8  12   0   8
  12   6  15   LOD   0   4      s[] :    0   0   0   8  12   0   0   0  10   8  12   0   8  12
  13   6  16   OPR   0   2      s[] :    0   0   0   8  12   0   0   0  10   8  12   0  20
  12   6  17   STO   0   5      s[] :    0   0   0   8  12   0   0   0  10   8  12  20
  11   6  18   OPR   0   0      s[] :    0   0   0   8  12   0
   5   0  10   LOD   0  11      s[] :    0   0   0   8  12   0  20
   6   0  11   STO   0   5      s[] :    0   0   0   8  12  20
   5   0  12   OPR   0   0      s[] : 
 === === ===   === === ===             === === === === === === === === === === === === === === ===
 t   b   p     f   l   a                 0   1   2   3   4   5   6   7   8   9  10  11  12  13  14
 end pl/0 